10 100
49 64 69 76 45 40 50 36 57 87
18 13 58 30 30 31 26 32 50
20 200
75 87 34 5 24 16 7 91 50 13 15 66 94 93 37 63 19 80 12 62
65 17 4 3 12 1 0 26 3 0 4 4 69 3 3 1 11 9 1
50 500
82 73 78 62 15 92 62 13 9 28 10 63 8 13 84 60 49 72 62 20 21 86 27 62 19 91 31 94 42 52 33 75 33 85 60 19 19 62 68 91 68 94 19 9 53 19 86 90 97 50
43 9 25 13 8 44 6 4 0 2 3 6 6 4 25 7 37 39 14 14 8 9 4 5 10 5 25 26 9 17 22 15 7 51 11 0 9 25 18 38 26 8 6 2 17 11 51 60 12
100 1000
94 52 83 27 51 92 87 15 26 95 1 83 3 31 97 86 92 80 77 37 62 64 55 85 38 84 66 8 4 56 19 78 33 98 84 68 60 20 46 97 92 44 2 17 15 5 87 50 24 23 62 57 65 6 54 92 48 26 19 29 81 41 8 66 16 61 74 39 28 88 31 92 8 28 21 64 96 82 53 26 73 23 62 93 54 69 98 94 99 89 54 20 56 58 75 30 31 53 14 39
23 45 2 19 39 66 14 0 15 0 0 2 1 20 25 81 18 8 28 21 31 3 45 5 14 60 1 2 0 16 0 4 31 41 27 55 8 17 37 66 35 0 1 12 1 4 31 8 9 4 54 3 5 1 0 2 25 7 2 20 3 6 0 8 7 39 8 25 25 5 1 2 1 7 12 48 45 18 1 25 15 0 14 4 45 68 8 45 42 9 14 15 28 23 19 13 0 5 12
200 2000
78 61 3 6 69 95 41 28 4 87 5 53 2 81 57 15 100 83 62 29 8 12 76 82 56 3 26 73 22 27 12 89 10 86 26 62 64 90 59 99 25 50 13 95 9 80 27 97 21 54 15 61 15 77 56 32 43 33 15 88 71 25 96 2 1 87 26 82 18 32 70 58 46 88 3 71 30 50 59 33 31 67 91 73 33 68 23 44 71 83 39 38 5 83 75 30 81 72 42 11 83 99 85 94 20 70 1 74 44 31 37 30 43 24 71 33 97 13 24 58 11 93 22 94 36 46 95 65 25 1 7 60 42 2 8 42 55 90 93 19 30 68 63 49 31 72 89 96 55 90 99 62 26 45 26 83 11 45 82 51 75 36 21 8 25 27 80 57 43 4 11 47 31 93 40 94 96 25 28 31 6 96 88 54 65 52 77 79 81 96 94 27 23 90 45 56 88 25 100 95
13 0 2 5 60 4 10 3 0 4 4 1 1 52 14 14 24 40 15 1 4 6 60 23 2 2 4 9 9 11 3 1 0 15 1 51 29 26 47 14 24 7 12 8 6 7 9 13 20 3 6 5 12 48 12 8 22 10 11 17 18 2 0 0 0 8 6 13 14 15 48 37 44 0 2 11 25 5 19 22 25 10 32 2 13 15 20 6 42 30 2 4 4 39 17 9 43 18 9 8 67 11 66 8 1 0 0 6 28 2 20 27 18 17 22 31 4 3 22 4 3 6 0 28 19 22 60 22 0 0 5 40 1 1 3 2 38 68 10 1 4 50 12 16 28 47 36 2 20 12 59 14 16 0 24 2 3 8 39 42 21 18 6 5 19 17 11 20 0 3 8 18 5 6 29 68 1 16 11 3 5 71 19 47 21 38 10 63 0 22 3 2 3 41 41 37 5 14 52
500 5000
93 56 17 15 74 27 55 3 26 61 78 26 9 60 47 73 25 16 100 88 59 5 66 48 90 87 76 22 42 72 88 20 75 9 33 75 20 73 91 54 8 88 38 5 24 36 75 19 5 94 72 50 9 99 96 98 80 56 42 4 66 66 41 60 99 58 51 50 54 12 67 35 88 15 89 9 15 100 89 95 32 27 100 65 10 17 98 77 28 19 93 4 57 35 96 85 5 88 29 46 14 34 32 44 50 71 38 71 54 22 54 6 31 22 83 29 5 79 26 8 76 68 95 83 94 42 63 83 63 15 63 97 59 8 98 4 14 74 46 33 88 65 47 22 77 87 99 3 22 56 36 86 100 34 98 70 46 61 25 7 81 22 54 2 63 74 2 59 42 28 77 81 37 25 69 97 63 80 54 33 98 67 76 76 74 35 56 9 10 82 99 23 68 79 13 81 22 25 37 64 97 30 96 38 27 70 79 5 81 94 59 68 20 64 40 17 12 18 3 9 93 67 30 25 33 66 89 69 93 12 60 50 80 46 42 41 38 20 35 37 87 31 40 97 71 39 78 19 11 98 19 73 41 41 61 54 10 37 17 95 77 63 99 8 78 15 22 5 39 75 59 79 14 34 5 91 21 87 92 93 55 25 82 11 28 22 65 75 71 1 49 37 16 15 14 74 83 77 65 85 70 78 34 37 43 28 34 45 81 61 45 39 91 69 11 95 82 25 33 3 26 27 56 40 25 86 46 23 77 97 88 78 44 6 88 76 76 55 44 28 40 50 30 4 94 81 70 92 79 66 50 14 89 65 45 66 12 20 3 42 31 21 12 43 73 46 81 37 56 47 54 40 100 28 85 52 38 68 54 23 40 12 39 24 75 2 25 85 27 27 33 73 73 86 2 29 95 73 52 89 4 7 58 23 7 52 100 96 79 97 39 55 84 54 32 88 56 95 6 41 34 33 34 57 100 65 94 56 73 9 9 42 11 49 64 50 61 21 64 67 30 7 20 58 42 74 77 72 25 1 28 39 95 53 79 22 48 3 28 31 96 87 91 17 10 29 31 86 77 36 10 33 95 47 2 77 13 7 84 30 65 14 30 33 21 3 49 20 98 99 53 51 41 64 65 100 70 2 7 82
25 15 7 11 3 6 2 0 8 2 22 2 8 39 40 18 14 9 40 3 4 3 46 40 70 59 20 1 33 20 10 14 6 1 16 2 6 71 31 6 0 33 4 4 9 33 16 0 4 26 38 4 2 21 11 12 1 37 1 0 0 8 24 11 54 0 49 12 5 3 3 22 11 11 8 4 11 77 80 19 1 23 37 8 9 9 34 25 10 13 3 3 9 18 70 1 3 11 0 2 1 24 22 19 49 27 17 31 13 8 1 0 5 14 26 0 2 14 2 3 43 32 16 15 6 39 42 28 3 6 40 34 5 7 0 2 1 35 12 27 19 39 7 0 73 79 0 0 0 33 17 26 14 28 67 43 42 19 1 1 7 13 0 0 24 0 0 6 12 27 27 24 17 4 3 49 4 49 5 31 28 45 12 10 32 4 8 4 5 32 11 14 27 5 11 9 11 0 34 1 18 10 16 26 23 36 0 4 31 54 58 7 5 16 8 6 3 1 2 2 46 19 0 20 22 28 47 50 9 8 12 3 35 7 17 8 17 15 27 16 26 6 1 11 27 14 9 0 7 2 17 7 36 3 52 9 4 6 11 51 44 58 2 5 3 2 0 1 38 6 30 0 3 1 4 9 20 9 61 29 9 19 3 9 14 1 44 20 0 0 5 13 13 2 4 4 32 33 36 51 65 33 5 0 9 15 2 16 42 11 23 24 8 8 1 7 7 23 1 0 19 15 23 14 10 44 16 0 49 59 34 33 0 1 45 25 50 28 16 10 16 20 1 2 35 5 45 26 41 15 1 5 37 39 17 7 7 0 1 24 10 8 3 33 40 32 28 33 5 1 24 38 22 13 35 34 8 17 8 16 2 3 11 17 1 0 7 14 13 13 15 25 45 0 0 21 33 6 32 1 3 0 3 6 5 19 72 55 30 29 19 6 50 15 30 12 1 1 2 1 27 15 1 39 39 37 35 9 0 7 5 8 2 4 1 15 17 8 34 0 6 4 11 14 23 36 57 18 0 0 21 33 44 2 17 9 1 1 5 3 12 82 9 1 4 11 1 43 9 2 3 8 42 0 1 7 3 3 24 21 0 11 12 13 2 1 11 7 85 19 0 36 21 28 13 15 0 1 2
1000 10000
8 97 5 53 46 98 16 61 24 70 91 7 10 60 89 96 97 22 20 87 93 85 81 56 21 84 33 97 26 52 90 35 75 7 62 71 20 51 94 18 14 75 67 65 68 24 43 63 86 17 2 18 22 93 19 33 23 14 36 32 68 2 64 66 82 26 36 77 22 90 42 43 49 74 24 82 77 34 3 20 95 67 32 11 61 100 14 91 1 69 56 49 79 8 4 67 52 5 70 9 89 80 51 74 74 21 16 7 48 16 35 91 7 100 2 97 62 73 86 54 95 19 79 17 52 21 41 2 23 96 53 37 49 12 47 88 43 38 64 3 49 76 74 40 60 83 24 58 58 18 77 75 46 35 41 80 63 36 41 89 74 99 30 37 52 72 69 17 56 16 79 60 60 78 81 48 89 91 30 88 89 60 70 44 33 72 94 62 63 28 50 87 100 26 33 78 90 30 1 100 20 15 20 25 18 46 46 70 15 58 89 32 48 99 28 97 57 35 39 9 86 90 74 26 66 97 58 44 87 13 52 65 87 17 61 43 13 42 22 55 25 69 37 91 8 32 20 20 77 96 55 85 37 31 55 27 18 37 45 81 75 69 45 17 65 27 33 13 23 70 80 90 70 89 91 62 77 52 11 72 46 64 28 88 10 90 8 73 95 81 84 51 29 15 16 72 38 78 64 8 74 95 49 84 44 52 32 36 6 46 54 84 91 95 58 23 77 15 2 35 14 93 71 100 74 59 87 87 62 34 43 95 72 87 56 30 43 31 82 62 93 54 36 42 3 63 45 37 56 15 23 81 65 51 46 96 89 60 36 53 22 87 88 100 54 86 39 10 96 6 77 46 35 95 99 29 57 84 64 49 27 100 93 60 48 7 39 91 47 71 27 62 65 78 22 53 28 11 61 33 70 8 96 92 76 80 36 36 18 67 56 100 28 46 36 62 11 1 85 77 48 45 21 37 86 78 47 98 79 83 46 8 24 93 76 98 48 3 91 74 38 61 72 49 10 75 22 19 59 77 80 79 11 56 9 26 88 13 65 77 26 36 9 37 74 16 45 34 84 87 25 32 70 75 88 57 53 61 17 13 6 34 28 15 25 73 6 62 86 85 47 93 49 39 42 51 59 97 82 75 96 8 16 68 80 6 31 70 53 7 58 77 19 17 49 76 69 52 47 80 83 90 81 47 83 52 31 52 29 1 70 40 70 78 17 19 67 16 20 14 59 34 25 64 84 23 11 48 88 17 56 82 15 66 70 1 62 63 58 52 87 39 79 97 63 76 53 28 39 37 66 2 4 92 17 93 6 80 82 54 35 96 50 26 33 4 8 33 53 53 33 44 57 8 8 68 26 15 27 15 73 27 88 94 67 99 21 66 64 75 57 60 82 74 45 5 64 56 9 41 54 26 2 67 18 10 38 35 52 37 54 10 41 78 17 76 39 9 82 24 84 31 39 57 94 17 74 57 62 14 29 90 14 71 22 74 15 25 41 69 18 89 32 8 86 19 55 43 12 33 13 28 3 35 47 88 21 38 1 28 78 50 46 71 60 77 16 45 33 80 99 29 94 37 99 56 88 3 29 40 39 66 38 58 25 35 86 62 22 45 69 22 73 63 91 59 56 92 40 96 88 4 8 35 47 15 40 22 15 6 89 76 60 44 22 70 67 92 53 97 52 77 100 13 10 25 43 11 55 47 78 34 52 43 44 14 3 21 9 87 41 2 68 1 61 72 54 75 3 13 32 53 72 71 29 37 23 77 94 41 66 73 59 54 30 68 33 62 34 84 28 41 39 84 11 36 37 59 73 44 36 91 6 11 93 75 53 78 64 74 83 90 13 11 48 85 20 98 55 87 29 54 63 77 3 49 88 16 10 49 7 96 83 16 85 49 75 16 31 80 78 3 34 90 15 91 72 42 83 76 47 66 69 17 44 11 2 25 63 28 33 8 9 88 55 18 60 49 35 82 96 36 79 82 91 53 40 68 83 63 12 33 74 36 45 77 26 2 47 23 85 15 75 31 54 35 89 93 1 57 24 21 32 58 15 56 49 79 6 68 52 16 79 33 65 57 18 74 45 73 16 55 11 79 99 32 33 85 41 73 74 87 15 89 17 76 69 74 50 21 30 30 21 79 74 40 1 43 43 82 11 51 42 35 27 97 98 56 25 85 20 81 26 82 89 34 66 93 70 54 30 18 37 83 28 32 54 58 36 20 40 53 60 41 91 44 29 23 10 48 41 2 20 25 92 50 60 55 49 8
6 2 3 33 6 1 9 2 21 45 3 5 3 14 41 55 15 3 9 44 53 72 31 8 14 27 20 25 8 27 6 29 3 3 26 18 14 6 1 9 6 21 20 47 6 15 25 14 15 1 0 16 15 14 4 12 13 3 26 18 1 0 53 9 8 25 7 12 7 38 23 14 34 8 11 72 16 2 1 17 36 14 3 4 54 5 1 0 0 16 15 25 5 2 2 34 3 1 1 0 23 29 0 7 13 2 4 4 3 12 6 0 6 0 1 55 16 21 29 39 1 12 9 11 14 11 0 0 19 0 10 28 2 4 43 17 32 37 2 1 6 7 37 34 46 0 23 33 3 7 34 1 24 6 3 25 1 1 36 45 41 4 28 30 14 44 13 11 10 12 50 40 47 75 19 18 78 7 11 34 35 15 26 8 15 71 48 31 19 19 22 76 1 14 18 73 1 0 0 18 8 2 6 15 8 35 15 3 0 36 23 20 12 19 4 46 27 32 7 4 80 24 5 3 24 57 29 18 11 2 8 25 0 16 4 4 9 0 10 13 9 5 28 0 6 15 2 14 11 33 31 12 10 15 4 4 1 31 38 34 61 43 16 1 12 13 12 7 6 64 27 63 54 64 32 56 42 8 8 27 21 26 6 0 7 4 0 55 9 8 44 5 9 9 6 28 9 36 6 3 26 26 33 10 29 13 16 2 0 33 24 53 44 35 15 7 2 0 1 7 2 48 44 39 48 15 12 57 5 28 15 21 0 41 4 24 17 10 37 37 47 32 0 1 1 35 8 0 1 0 16 52 22 30 9 45 7 4 19 18 16 16 15 53 41 21 9 8 5 2 44 14 3 43 25 10 45 5 46 1 11 24 40 38 5 5 7 40 9 5 16 41 29 1 11 25 9 6 9 5 4 5 60 11 14 32 33 3 10 17 13 25 0 20 31 8 0 0 35 2 21 11 11 1 76 43 28 19 47 39 6 4 0 29 7 28 1 2 17 26 0 2 39 0 7 10 0 9 21 57 66 2 0 0 3 0 0 0 16 16 15 3 1 9 13 13 30 7 16 23 7 23 59 7 11 9 41 15 12 1 5 21 1 7 8 4 1 38 37 0 9 42 10 32 4 29 1 10 60 52 4 3 15 60 1 4 18 21 5 5 35 2 15 12 30 35 34 41 38 65 60 5 0 34 51 0 19 4 0 0 30 28 68 4 11 0 9 9 2 4 16 2 10 21 7 4 4 45 7 10 40 0 7 40 0 0 6 37 23 44 19 38 32 31 25 17 9 4 0 1 0 0 0 1 10 3 5 38 19 22 5 35 6 24 2 2 5 21 42 15 0 4 6 2 7 0 1 9 7 5 1 17 22 4 58 7 9 28 45 14 25 52 31 30 0 0 21 4 6 38 14 0 0 17 3 4 8 11 21 36 5 2 15 16 8 38 4 6 19 4 28 15 7 27 8 6 32 49 0 3 21 1 5 3 12 6 7 20 11 2 10 6 6 7 18 14 2 7 5 9 4 2 0 28 28 12 10 0 0 1 17 29 12 54 9 6 4 4 6 37 27 10 11 24 31 25 2 0 13 0 37 7 11 10 18 31 6 21 1 40 19 21 44 60 53 53 48 5 39 65 0 1 7 22 2 14 1 9 2 4 39 57 20 10 4 61 41 13 2 38 1 55 2 7 1 5 0 8 2 20 16 29 9 39 2 0 1 1 7 0 0 0 0 0 52 12 45 2 1 12 18 39 49 15 13 13 17 38 11 31 60 4 35 7 2 25 22 13 6 17 6 20 33 1 1 18 9 18 39 2 0 3 5 1 70 31 18 63 4 35 20 2 7 10 18 8 0 34 33 14 26 7 32 0 1 6 3 5 7 4 6 73 9 11 24 46 1 10 18 10 2 2 15 12 13 39 31 11 72 5 31 62 7 16 0 0 0 11 24 9 7 3 6 29 17 10 15 16 33 30 11 21 8 26 19 26 24 28 19 6 0 22 6 25 23 23 1 0 0 2 4 5 26 3 1 2 85 0 0 14 15 19 4 7 0 6 7 5 1 9 6 7 29 12 27 9 1 29 29 11 3 0 2 18 14 14 24 35 22 66 11 14 2 13 4 36 27 8 1 6 5 1 11 8 37 0 0 20 4 6 3 18 17 12 15 36 3 9 14 1 2 22 13 52 25 24 58 25 34 6 12 9 25 22 19 17 36 17 6 16 19 24 39 27 26 22 21 8 9 17 0 1 17 19 11 40 37 23 1
1000 10000
94 32 82 15 71 22 67 2 22 46 54 55 32 29 42 36 48 72 26 27 87 17 28 33 61 47 70 87 47 84 40 34 9 30 41 66 86 3 80 10 40 60 99 60 77 10 51 6 57 81 86 58 89 3 64 71 20 62 10 26 67 53 38 59 49 83 100 5 21 26 27 91 78 69 81 30 1 55 19 26 88 91 86 52 17 78 40 6 61 27 21 87 69 43 65 89 44 70 91 26 15 45 89 79 54 43 13 24 89 98 97 74 38 46 17 25 34 21 18 53 95 58 70 54 83 33 31 83 72 68 85 73 25 10 11 48 88 99 96 88 59 85 92 43 33 18 65 25 11 6 43 83 14 50 33 87 98 54 35 17 22 31 99 18 73 68 69 16 60 20 22 40 86 16 12 14 96 76 82 30 20 48 97 37 80 64 30 57 20 67 98 74 55 29 99 11 57 54 94 59 9 21 53 80 35 44 57 98 53 8 72 90 13 68 48 79 88 36 74 72 88 32 30 76 13 24 82 85 16 80 32 59 21 70 75 39 47 29 71 58 54 82 5 91 29 37 23 15 48 27 88 56 64 57 99 8 53 18 13 9 87 13 84 5 72 46 43 61 96 72 80 25 12 64 94 61 12 63 68 19 56 54 18 48 85 23 25 76 71 14 97 70 11 15 18 96 37 47 74 54 4 88 85 20 90 32 64 81 70 7 68 34 72 1 96 100 11 83 39 8 49 67 32 51 14 58 37 65 43 45 99 75 1 94 1 80 46 84 94 6 53 73 13 91 5 41 73 65 28 33 90 56 2 66 38 85 31 99 85 47 48 30 21 84 40 30 37 21 24 16 24 11 94 52 23 78 45 33 28 57 17 73 90 60 93 20 24 84 62 52 38 19 57 64 69 68 13 68 22 2 12 55 59 97 3 22 91 64 74 72 54 17 43 98 67 51 60 15 99 49 44 96 93 47 19 89 58 68 22 76 93 69 93 44 74 74 3 95 79 1 66 89 56 14 44 4 46 42 49 55 80 12 8 60 68 72 90 1 40 96 92 98 1 83 99 10 99 33 38 6 16 53 95 81 94 74 70 56 84 93 66 53 90 43 68 28 5 63 14 68 59 70 66 56 31 18 23 88 6 35 7 58 37 98 4 23 86 23 37 30 1 53 94 22 92 26 79 56 31 39 97 68 68 75 97 73 72 58 84 97 8 90 92 9 91 57 41 16 90 68 5 70 65 93 46 36 19 34 88 82 38 17 70 79 49 91 89 70 74 81 98 76 84 79 42 94 91 96 14 83 75 77 71 70 92 47 59 52 78 98 58 64 100 28 78 38 64 68 13 56 48 36 61 50 10 52 3 22 80 55 82 66 9 63 12 12 57 43 51 20 65 39 37 66 42 43 67 50 65 69 82 18 37 43 78 59 84 65 37 17 63 78 50 83 19 43 60 99 22 10 32 76 47 70 6 25 72 37 4 43 75 34 54 3 57 86 83 24 37 17 35 43 5 67 6 83 84 31 92 87 21 61 80 37 59 15 59 22 29 17 13 74 88 40 48 50 64 74 95 35 6 73 74 64 66 63 35 22 55 86 58 29 71 66 57 43 76 56 35 100 60 100 77 2 67 7 64 40 57 7 23 76 19 4 13 91 8 12 31 2 73 66 66 80 53 73 4 2 7 51 20 57 51 68 20 31 41 71 12 50 95 27 58 54 90 5 78 82 79 66 45 24 99 25 21 61 29 44 78 98 8 51 77 12 82 67 96 86 99 79 65 1 56 96 98 69 14 11 66 54 69 27 4 52 57 35 42 97 20 4 30 21 4 75 36 11 62 85 42 29 58 66 91 38 27 32 90 37 75 80 100 13 69 8 42 23 46 97 65 17 64 16 60 15 65 27 45 43 11 62 76 8 57 1 63 77 16 62 80 64 39 67 45 84 91 70 19 20 6 100 40 74 2 81 53 66 50 10 21 55 58 69 27 92 47 41 83 21 24 58 93 29 51 34 39 46 20 17 92 14 8 11 34 67 93 96 28 72 49 15 5 77 77 50 45 82 99 7 65 49 27 18 26 82 58 23 68 95 73 26 80 82 71 88 46 35 71 48 34 12 82 82 5 97 61 83 74 54 22 89 50 67 24 100 76 30 1 12 69 90 35 73 83 17 50 28 87 98 60 56 54 26 2 29 40 59 28 58 38 63 18 27 33 30 6 19 75 6 88 81 88 1 74 30 34 38 7 59 89 62 99 28 26 4 55 75 27 35 48 51
20 14 1 4 16 3 0 0 18 35 2 8 13 9 35 23 11 14 13 15 16 13 1 30 38 4 52 7 0 17 8 6 7 16 12 4 2 0 8 2 6 44 17 19 0 7 5 3 19 56 31 47 2 2 45 7 9 9 1 12 30 7 4 24 15 77 3 2 14 6 4 39 61 40 10 0 0 8 14 18 69 52 46 5 5 38 1 1 24 8 16 13 11 4 33 27 33 46 13 13 13 27 6 24 13 10 6 20 82 88 43 27 14 9 0 22 12 2 9 23 21 52 40 31 31 9 6 71 52 35 4 17 1 6 5 23 14 24 2 19 35 76 30 4 5 1 5 4 5 1 27 11 1 21 28 27 11 32 10 13 19 2 4 4 62 41 1 2 1 3 18 39 0 6 4 11 56 18 14 15 2 32 4 23 59 7 26 7 1 7 25 25 20 11 9 2 34 2 40 5 2 1 27 5 31 20 42 25 4 3 25 10 6 13 9 69 11 10 15 24 7 22 1 7 9 5 45 3 8 27 25 1 12 64 35 38 3 16 48 18 39 0 3 6 22 8 7 2 6 8 9 12 48 29 5 7 7 2 5 5 4 7 0 2 12 18 31 31 3 27 20 8 5 47 11 8 8 60 15 13 22 7 16 6 13 0 8 12 9 8 33 3 10 5 14 19 23 37 23 0 0 56 1 15 29 30 11 34 1 6 8 23 0 0 3 5 5 18 6 3 32 24 28 3 7 12 24 18 20 22 13 0 0 0 0 21 37 0 5 4 48 11 0 4 3 36 49 5 26 5 53 0 0 11 37 5 5 41 5 1 1 18 3 39 22 12 16 7 4 9 10 5 27 10 13 27 24 27 1 6 2 43 5 2 16 12 22 45 22 34 17 6 40 11 42 1 8 11 0 0 6 46 24 2 1 8 23 60 5 24 14 7 35 60 3 48 12 3 9 11 38 63 13 15 2 40 49 2 17 62 11 0 17 3 62 0 0 8 0 0 27 52 13 8 1 1 17 38 44 29 8 7 6 55 17 55 0 0 12 58 39 0 0 10 1 0 1 15 0 3 5 23 22 14 28 64 30 31 55 25 29 51 4 26 5 0 1 0 4 52 28 55 38 17 6 2 13 0 0 4 3 32 29 1 3 2 22 1 6 0 0 25 20 9 2 1 10 25 4 35 9 6 33 29 35 12 31 13 8 6 3 78 0 6 5 40 4 13 9 4 0 7 49 32 18 12 9 1 56 31 10 4 10 35 14 80 21 54 11 79 49 48 50 17 4 46 21 11 8 71 21 62 25 66 15 40 35 38 15 44 11 50 6 9 34 29 19 7 5 25 30 29 14 8 1 0 1 14 4 20 0 4 1 10 9 6 28 22 2 17 35 27 9 28 5 16 45 40 21 55 4 5 28 38 40 19 1 18 3 0 30 2 42 2 3 33 18 19 8 1 30 44 14 2 4 20 33 2 0 31 0 16 2 2 37 1 20 21 4 13 8 0 0 0 0 24 17 1 5 17 14 51 20 10 7 13 14 19 5 4 9 2 5 39 2 25 61 54 21 3 1 26 48 1 57 29 15 3 13 2 23 8 58 16 30 16 13 5 3 9 8 23 0 0 1 6 19 39 0 2 5 12 0 2 0 6 1 7 0 0 55 41 36 36 33 3 0 1 4 19 8 30 10 12 8 6 23 11 11 25 12 9 26 19 0 0 32 72 48 38 5 16 2 6 0 19 25 38 21 3 2 19 0 4 21 57 63 36 16 62 0 0 45 9 14 12 10 3 10 52 9 3 0 11 15 0 8 18 0 2 10 1 3 5 1 3 0 31 28 10 54 29 27 16 18 22 21 11 8 35 12 1 2 0 17 9 17 62 12 15 13 0 6 6 10 23 4 10 5 7 0 7 0 0 6 14 14 38 1 14 1 11 35 38 49 1 4 1 4 21 23 1 0 38 1 46 6 7 13 24 0 7 26 28 21 15 3 11 3 42 1 23 1 20 13 1 15 4 2 1 4 8 17 47 25 25 11 21 4 1 1 76 8 1 14 54 4 4 31 0 7 2 25 9 13 4 24 43 16 25 51 61 52 30 7 32 31 16 8 5 21 0 1 58 35 68 5 8 12 31 3 11 17 60 12 0 0 5 52 20 13 22 2 0 13 7 71 32 42 3 20 1 1 4 17 15 16 33 8 3 14 19 25 0 5 1 1 2 39 76 0 0 29 28 19 1 0 49 26 38 1 21 2 2 46 21 18 15 21
1000 10000
28 1 35 67 27 83 82 65 4 53 2 11 66 61 76 55 46 1 7 47 50 84 55 77 15 51 65 92 58 4 35 16 89 81 67 45 13 2 47 10 28 87 86 100 68 69 8 74 60 77 48 26 25 19 42 37 26 60 79 69 80 74 90 27 38 90 11 93 14 37 95 26 54 1 79 60 27 1 33 96 76 67 20 14 65 54 25 15 87 21 95 2 97 58 95 28 41 15 12 76 6 32 1 79 55 12 53 27 36 60 54 9 9 65 20 2 15 40 27 32 22 26 39 33 4 33 63 85 83 23 76 74 6 24 37 27 48 44 99 39 13 84 66 6 52 95 2 56 5 5 97 14 33 32 78 63 27 94 25 54 16 34 46 90 59 40 42 2 88 40 38 75 31 50 20 56 43 81 23 67 93 28 54 87 8 21 85 21 69 32 70 10 45 55 44 31 46 29 30 16 100 94 43 17 30 8 11 78 87 49 75 69 84 62 37 84 99 81 10 18 96 22 15 32 87 71 86 48 88 87 31 69 69 87 16 41 60 87 62 96 49 42 96 61 69 72 47 62 66 58 28 7 90 84 75 3 37 77 25 82 96 61 54 1 46 94 93 42 88 22 79 65 99 77 29 18 25 24 73 39 88 54 84 21 26 21 74 6 45 36 16 79 65 44 40 61 95 92 29 55 85 100 100 22 23 34 81 1 87 30 2 61 92 81 70 67 10 68 46 75 44 24 79 59 80 28 59 4 86 37 72 5 36 23 18 45 33 52 66 9 2 89 86 53 32 8 50 7 78 92 16 59 84 70 64 38 8 18 78 51 25 44 34 89 91 37 57 6 93 57 52 4 92 19 90 19 35 19 70 41 28 71 54 99 19 29 65 5 44 86 64 95 28 99 95 72 62 67 1 9 24 90 92 31 68 36 12 70 13 69 64 49 6 24 48 2 21 33 50 73 60 69 75 77 69 88 80 19 1 38 46 98 76 36 76 60 31 63 14 67 49 24 34 45 91 36 51 39 96 12 61 47 35 2 61 77 6 99 71 96 55 77 54 72 96 30 77 66 23 59 32 63 92 58 39 86 14 22 16 20 1 66 67 65 94 87 39 92 19 9 4 62 60 45 12 65 42 8 22 21 51 57 94 99 82 75 68 58 48 50 17 93 28 62 19 51 78 42 77 20 14 23 93 90 85 11 3 3 4 43 13 92 37 77 75 97 64 34 82 10 43 84 45 12 13 13 96 82 98 30 75 52 40 9 52 36 62 7 45 96 90 5 66 80 100 23 60 39 21 76 27 25 45 31 15 50 52 29 17 61 32 44 94 37 99 48 41 89 70 83 93 85 11 46 62 86 56 83 54 53 61 54 81 24 35 76 65 40 35 13 36 37 42 62 7 78 82 34 27 34 34 78 67 73 44 59 74 63 3 49 1 64 7 43 31 44 98 32 73 82 3 59 92 70 28 92 73 47 60 99 39 17 70 87 97 35 18 48 53 50 76 43 17 98 35 59 97 47 11 78 8 77 86 12 17 13 78 52 96 20 34 38 50 27 68 50 49 63 83 25 85 37 56 4 38 9 61 81 89 73 34 78 93 60 2 24 35 87 56 47 20 27 71 55 58 100 90 9 15 2 14 45 99 99 86 31 51 97 54 41 1 70 6 27 70 65 46 79 43 86 92 78 23 29 11 10 25 74 68 100 93 50 40 24 8 53 19 41 39 31 82 59 34 57 30 92 81 51 10 33 44 51 99 30 82 19 100 70 13 15 64 62 9 69 97 37 98 23 46 83 95 72 57 74 26 96 82 48 56 24 100 1 86 36 22 66 88 2 53 98 21 73 32 11 30 35 94 71 28 24 72 54 100 19 39 65 31 64 76 59 50 71 78 85 19 75 94 66 85 33 42 63 99 23 37 71 97 35 53 30 100 69 26 61 100 89 3 26 69 21 93 81 76 24 56 31 61 10 25 92 84 11 99 5 65 92 49 37 30 7 98 64 99 7 26 69 71 92 72 56 91 66 17 7 49 100 75 17 85 8 67 2 7 66 70 18 78 43 69 69 7 42 12 18 73 18 39 96 35 20 100 73 57 42 52 17 77 86 77 87 40 7 100 54 26 12 24 18 58 32 51 60 32 35 47 18 60 21 35 28 99 90 50 15 39 39 9 90 53 93 8 16 12 34 65 88 99 14 89 33 71 81 25 97 52 25 10 25 47 94 16 98 48 43 68 9 80 87 28 91 15 77 65 25 35 17 28 70 24 75
0 0 19 15 9 35 45 2 2 1 1 6 22 51 24 33 0 0 2 14 32 4 22 0 1 19 11 28 1 0 9 7 80 61 31 0 0 1 1 7 14 75 49 35 35 1 0 9 45 28 17 3 16 13 33 18 14 50 27 13 8 11 11 3 19 9 9 5 9 12 3 8 0 0 1 19 0 0 17 35 28 5 6 0 21 16 11 2 14 17 0 0 21 1 19 1 6 0 3 4 2 0 0 29 4 2 1 9 16 52 1 3 6 18 0 1 4 5 0 4 4 2 1 0 2 2 62 23 21 10 53 4 1 7 17 7 24 4 11 10 4 24 5 2 21 1 1 1 3 4 1 5 8 4 5 7 19 14 13 8 1 19 32 9 10 7 0 0 32 2 7 24 28 16 8 18 39 5 10 56 10 23 30 4 0 13 4 10 30 14 8 5 15 0 22 16 6 22 4 10 7 34 0 11 3 1 7 55 24 6 18 44 28 32 15 48 49 7 3 6 6 0 8 16 48 43 22 42 49 22 22 10 21 8 11 25 53 60 2 18 37 13 17 24 63 14 45 7 40 2 4 3 63 16 1 1 20 1 21 80 44 17 0 0 22 35 29 27 21 20 1 7 28 7 4 17 17 20 5 37 28 38 7 8 4 20 3 2 24 13 14 63 14 27 30 16 9 13 24 10 52 40 11 10 19 5 0 0 11 1 1 48 60 3 25 3 0 25 7 32 7 8 56 8 7 22 3 3 25 14 3 2 19 6 6 1 30 34 5 1 0 50 2 19 1 2 5 0 39 15 11 24 44 34 20 6 3 0 16 1 9 28 5 22 25 16 3 5 37 39 0 3 12 2 13 14 5 7 9 26 8 36 20 17 17 11 4 0 30 12 1 23 19 30 55 57 60 0 0 8 16 13 0 1 24 11 8 6 8 6 31 0 3 17 1 1 19 22 34 22 49 12 55 20 6 0 14 0 0 6 20 10 12 6 42 23 22 12 2 29 12 19 27 4 32 33 25 15 3 11 41 10 1 1 45 5 2 3 26 20 10 10 36 12 9 17 2 19 7 18 25 56 35 25 19 4 7 3 3 0 0 46 48 61 5 5 32 2 0 3 2 49 21 6 5 8 5 5 7 18 50 53 48 11 45 67 8 47 28 13 11 23 26 1 13 37 32 4 18 13 9 5 28 23 3 0 1 0 2 4 4 9 33 22 31 19 21 19 9 3 42 44 11 5 5 9 28 43 1 24 35 37 3 7 18 5 1 1 18 37 2 1 62 67 19 10 9 3 15 17 11 14 0 7 3 15 13 2 5 3 8 18 16 31 34 24 14 36 16 68 32 2 9 42 53 20 31 24 46 8 47 47 5 2 27 48 23 13 4 9 33 17 37 1 6 25 7 0 8 8 17 18 3 29 2 2 59 2 2 0 0 5 0 9 8 19 28 23 5 2 0 5 11 18 20 55 28 1 29 12 15 1 20 15 2 15 6 33 43 39 35 5 15 0 12 39 34 3 1 6 5 33 8 9 0 4 47 46 5 7 22 11 19 0 34 43 30 60 18 21 1 35 0 3 1 4 5 53 8 27 3 45 56 1 1 13 28 39 15 13 11 23 40 54 55 81 5 4 0 1 13 44 16 30 21 4 2 49 38 0 0 4 4 7 2 18 2 13 30 77 17 3 9 5 4 0 10 11 15 60 7 3 23 3 7 5 15 26 19 21 9 29 12 1 24 0 21 5 0 2 4 25 3 14 6 3 33 0 12 11 32 7 6 20 19 4 11 7 29 67 32 34 27 7 11 73 40 23 8 7 0 0 23 20 13 9 1 1 47 13 10 3 6 1 4 26 63 1 8 11 32 34 9 14 35 12 22 21 46 40 20 12 19 12 0 10 46 14 3 18 4 51 12 2 25 27 31 11 24 12 18 6 5 26 32 2 1 13 20 19 55 47 23 13 27 12 3 7 17 42 0 5 3 3 24 43 24 6 0 0 33 54 5 1 12 45 17 37 10 44 2 14 1 2 24 38 0 8 7 5 1 0 5 53 14 12 31 19 9 0 3 8 3 4 8 14 35 19 18 10 31 37 13 13 16 6 46 24 60 31 3 3 18 2 10 5 0 2 6 12 22 20 13 23 7 2 13 20 7 9 40 15 6 5 26 1 4 11 1 3 7 7 9 29 7 48 1 3 19 30 39 12 20 21 16 4 2 2 2 12 9 6 17 37 2 4 30 10 19 14 7 40 17 6 4 3 13 13 17
1000 10000
74 58 71 83 77 44 20 5 40 69 63 69 100 23 20 39 68 10 38 70 84 70 30 23 59 100 21 73 94 28 32 2 43 8 84 43 86 86 90 30 98 58 20 88 1 33 34 97 11 96 92 71 12 92 61 5 4 52 51 34 95 88 8 9 11 71 78 6 27 20 65 3 98 18 71 62 54 62 96 85 93 36 65 7 40 6 59 36 59 61 95 32 5 60 41 67 54 68 10 76 30 41 86 70 2 79 86 39 8 37 93 95 80 36 63 88 11 24 6 93 24 7 64 95 44 97 88 56 14 69 31 44 48 51 60 12 17 9 13 31 33 54 22 69 24 63 30 5 53 4 94 70 90 32 6 34 53 66 64 7 25 28 38 88 92 1 42 66 54 16 12 58 75 97 57 94 73 74 31 90 5 7 42 59 51 69 45 65 5 79 84 34 75 6 66 63 36 22 97 58 36 40 38 68 99 78 86 37 53 48 68 41 68 70 100 96 81 75 70 79 16 38 73 72 26 71 67 48 11 85 57 95 72 44 6 52 24 64 72 37 90 13 74 96 5 46 21 20 60 27 26 70 9 96 37 36 33 47 64 64 90 43 64 2 13 99 70 31 28 55 9 31 69 16 41 32 90 30 19 75 30 89 14 15 95 92 81 74 4 67 21 40 5 9 19 61 46 48 35 11 42 93 18 87 38 57 12 48 27 64 29 25 64 42 84 74 1 14 17 67 18 7 36 89 28 56 23 57 78 37 9 80 84 27 41 62 6 38 17 77 89 74 62 69 12 89 22 81 64 90 34 46 63 87 82 13 39 74 31 40 57 56 69 41 11 74 73 85 88 71 30 28 54 45 54 37 33 80 13 18 77 95 94 46 83 85 92 7 66 53 30 20 19 18 29 60 64 54 36 51 8 5 57 84 47 85 81 15 2 52 94 81 40 69 71 99 61 62 30 8 83 29 67 21 3 69 38 28 45 56 57 9 95 33 89 58 33 78 28 36 84 52 27 68 4 96 95 9 50 55 27 79 47 38 94 93 67 32 43 90 32 80 56 86 100 2 99 71 28 73 9 19 48 96 100 71 41 80 70 26 9 95 4 29 91 85 65 65 21 62 76 16 23 93 73 100 18 97 28 25 88 27 3 80 38 25 68 53 78 33 97 85 24 82 60 32 92 6 15 12 62 86 84 88 67 47 8 45 36 12 79 36 92 65 80 87 44 28 96 61 14 47 88 34 78 37 90 55 17 69 42 36 75 26 61 62 1 81 39 85 90 53 45 42 8 98 99 75 35 71 27 12 96 70 78 49 85 28 56 4 92 80 70 49 5 51 8 13 22 65 71 5 65 26 67 24 14 32 29 92 48 29 93 18 1 85 14 44 37 42 55 30 34 41 90 68 49 81 10 66 70 75 89 44 93 67 85 19 29 47 95 32 36 81 16 54 57 55 1 85 50 73 85 30 46 70 34 59 67 75 44 16 42 4 72 74 41 94 14 66 44 23 65 53 73 73 60 25 85 89 2 43 48 81 24 27 12 29 74 33 26 71 93 90 18 94 35 46 66 66 86 30 27 44 18 3 82 37 69 3 62 34 93 83 33 95 34 48 10 44 71 89 59 56 96 35 88 25 9 43 90 34 42 69 75 88 33 40 21 34 31 89 91 64 95 82 32 87 23 20 98 38 52 53 91 81 11 97 94 23 57 26 57 40 86 41 30 22 24 11 71 25 44 91 75 56 36 46 48 65 94 61 29 99 40 24 5 50 92 83 38 43 48 45 62 30 46 35 10 50 47 89 70 82 96 11 73 91 52 18 24 74 19 30 95 4 51 4 70 70 44 41 39 50 29 3 13 83 40 25 35 47 31 36 85 61 69 58 44 94 16 90 47 73 74 25 60 98 13 11 49 85 15 3 51 87 39 89 50 59 47 59 10 23 73 42 90 81 3 12 53 95 43 6 72 69 14 10 6 80 75 100 80 20 85 75 81 40 34 16 93 13 46 91 95 34 17 60 10 72 31 16 51 33 36 94 43 73 51 72 79 48 60 47 54 43 57 98 88 56 20 16 61 54 86 76 64 4 11 26 42 80 65 99 15 15 54 22 40 84 1 87 88 82 47 90 79 62 9 80 65 75 39 92 28 19 96 94 87 66 89 29 5 73 98 11 40 48 98 52 74 9 32 48 30 26 68 46 51 37 64 25 77 36 87 98 70 29 82 65 77 35 67 92 23 59 84 14 9 65 51 27 54 39 65 70 88 54 9 99
21 33 70 1 13 10 2 3 31 29 27 53 5 5 7 11 5 3 18 11 28 29 22 13 50 2 9 59 27 10 0 0 7 0 12 19 56 33 22 27 2 2 5 0 0 8 9 5 4 48 42 8 11 23 4 3 1 18 19 23 57 5 0 8 0 7 0 1 3 6 2 1 14 1 46 7 13 38 18 47 19 11 4 5 3 1 19 23 17 14 20 2 3 10 28 22 47 7 7 11 6 4 68 1 1 55 38 5 2 2 63 9 22 6 15 9 10 1 4 0 4 5 52 35 17 43 8 9 13 4 8 0 33 6 1 11 5 0 11 21 12 7 9 13 3 27 2 4 3 1 3 29 25 5 0 17 52 0 1 5 8 9 23 58 0 0 10 38 0 8 1 11 46 42 27 52 8 14 28 4 3 3 38 42 41 29 7 1 4 32 33 26 1 1 15 25 1 13 24 10 19 13 27 46 42 36 24 35 32 19 3 27 36 55 51 50 59 16 54 8 12 1 29 3 23 39 13 5 2 16 7 14 27 2 1 13 13 16 7 35 7 1 15 4 1 0 5 7 12 20 0 0 5 26 18 12 27 30 28 20 40 12 0 1 12 14 14 15 16 1 4 16 0 13 16 19 11 11 17 2 25 5 1 5 63 79 16 1 0 8 16 2 0 4 1 9 7 30 10 8 12 8 11 26 23 3 7 9 7 11 1 6 3 9 2 0 0 13 5 10 1 4 0 22 7 11 17 10 15 1 6 65 16 14 39 4 4 8 13 57 59 50 37 7 4 12 7 57 29 13 19 32 55 60 3 3 31 25 7 14 23 44 38 9 0 0 28 21 14 1 17 6 38 8 29 25 32 5 12 12 47 38 3 33 33 76 0 0 29 10 7 18 5 4 2 15 13 0 28 7 4 2 53 19 21 79 9 0 0 0 45 25 36 53 47 6 12 21 5 5 22 4 9 1 2 1 25 27 1 0 5 6 23 28 38 28 27 15 4 26 19 20 8 0 0 93 1 4 44 14 15 33 20 6 72 17 30 17 23 30 27 2 2 19 0 0 32 21 23 4 1 9 6 60 41 34 25 33 7 5 7 0 1 13 81 2 50 7 11 44 7 12 4 16 35 14 0 4 17 11 11 2 2 5 24 11 12 45 26 10 35 0 12 19 1 1 1 4 5 6 30 32 44 5 26 6 6 7 10 0 27 26 4 52 43 42 14 22 46 3 0 41 4 19 19 15 26 2 16 5 22 24 9 22 45 0 0 31 32 24 27 24 39 7 1 12 38 22 11 13 9 4 56 38 9 18 10 19 0 2 75 47 15 0 1 4 6 2 10 4 2 4 1 1 18 0 10 5 7 4 15 24 0 0 0 7 2 11 4 4 25 10 14 18 9 15 20 9 6 37 57 9 23 38 61 48 8 8 14 43 2 9 7 14 0 34 20 0 0 47 37 48 10 3 36 24 10 3 40 20 0 13 3 0 54 2 1 7 2 21 5 10 3 36 42 44 0 12 25 0 0 4 39 17 19 7 6 6 10 15 14 39 24 14 15 19 33 6 2 6 27 22 25 11 0 2 10 5 2 0 32 2 33 32 0 19 30 2 2 9 24 18 35 21 0 16 9 4 5 13 25 30 40 44 3 28 27 2 4 0 29 66 61 19 19 19 22 5 4 0 21 20 6 29 33 4 8 28 6 7 1 21 8 1 31 25 11 18 1 6 3 16 2 52 1 24 0 22 11 2 22 18 22 5 14 0 0 37 62 10 1 22 5 44 6 7 17 5 5 41 5 31 34 9 10 4 27 8 9 10 17 15 10 10 1 1 0 0 59 14 35 18 26 5 1 2 11 25 3 12 4 20 0 3 31 60 1 22 4 9 0 23 13 68 21 16 15 9 3 3 8 10 0 1 15 12 31 2 41 9 39 0 8 19 16 8 12 2 0 6 21 32 4 4 68 11 2 3 4 70 11 46 7 13 10 58 8 24 3 0 3 3 41 6 18 1 9 3 7 11 3 12 21 20 30 22 12 14 48 69 16 37 22 36 22 18 10 21 25 8 13 9 32 29 0 60 3 3 10 10 21 52 40 14 0 12 5 8 16 0 0 21 69 26 22 48 27 7 0 44 58 38 9 25 11 1 7 56 29 62 1 3 3 30 5 4 9 20 16 44 2 4 6 10 25 8 25 15 13 13 14 7 9 13 8 40 4 26 18 37 22 8 19 0 3 51 8 6 7 48 16 12 10 16 43 55 53 1 2
